# R14 part 1: position sensitivity of a prayer time

adhan@4.4.6, MuslimWorldLeague(), highLatitudeRule=SeventhOfTheNight, madhab=Shafi, rounding=None.
km per degree of latitude = 111.1951

## 1A. Longitude is exactly a clock offset. Analytic, then confirmed.

4 minutes of clock per degree of longitude. So minutes of shift per km east is 4/(111.195*cos(lat)).

| lat deg | km per deg lon | min per km east | km for 0.5 min | km for 1.0 min |
| ------- | -------------- | --------------- | -------------- | -------------- |
| 0       | 111.2          | 0.0360          | 13.9           | 27.8           |
| 10      | 109.5          | 0.0365          | 13.7           | 27.4           |
| 20      | 104.5          | 0.0383          | 13.1           | 26.1           |
| 30      | 96.3           | 0.0415          | 12.0           | 24.1           |
| 40      | 85.2           | 0.0470          | 10.6           | 21.3           |
| 45      | 78.6           | 0.0509          | 9.8            | 19.7           |
| 50      | 71.5           | 0.0560          | 8.9            | 17.9           |
| 55      | 63.8           | 0.0627          | 8.0            | 15.9           |
| 60      | 55.6           | 0.0719          | 6.9            | 13.9           |
| 65      | 47.0           | 0.0851          | 5.9            | 11.7           |

## 1B. Measured east-west shift, per prayer, confirming the clock model

London 51.5074N. Position moved EAST by the distance shown. Minutes of shift, signed (negative = earlier).

### 2026-03-20

| km east | fajr   | sunrise | dhuhr  | asr    | maghrib | isha   |
| ------- | ------ | ------- | ------ | ------ | ------- | ------ |
| 1       | -0.05  | -0.05   | -0.07  | -0.05  | -0.05   | -0.05  |
| 10      | -0.57  | -0.57   | -0.58  | -0.57  | -0.58   | -0.58  |
| 50      | -2.88  | -2.88   | -2.90  | -2.88  | -2.88   | -2.88  |
| 100     | -5.77  | -5.77   | -5.78  | -5.78  | -5.78   | -5.78  |
| 500     | -28.86 | -28.85  | -28.90 | -28.93 | -28.93  | -28.92 |

### 2026-06-21

| km east | fajr   | sunrise | dhuhr  | asr    | maghrib | isha   |
| ------- | ------ | ------- | ------ | ------ | ------- | ------ |
| 1       | -0.07  | -0.07   | -0.07  | -0.07  | -0.07   | -0.07  |
| 10      | -0.58  | -0.58   | -0.58  | -0.58  | -0.58   | -0.58  |
| 50      | -2.90  | -2.90   | -2.90  | -2.90  | -2.90   | -2.90  |
| 100     | -5.78  | -5.78   | -5.78  | -5.78  | -5.78   | -5.78  |
| 500     | -28.90 | -28.90  | -28.90 | -28.90 | -28.90  | -28.90 |

### 2026-09-22

| km east | fajr   | sunrise | dhuhr  | asr    | maghrib | isha   |
| ------- | ------ | ------- | ------ | ------ | ------- | ------ |
| 1       | -0.05  | -0.05   | -0.05  | -0.05  | -0.05   | -0.05  |
| 10      | -0.58  | -0.58   | -0.58  | -0.57  | -0.58   | -0.58  |
| 50      | -2.90  | -2.90   | -2.88  | -2.88  | -2.88   | -2.89  |
| 100     | -5.78  | -5.78   | -5.78  | -5.77  | -5.77   | -5.77  |
| 500     | -28.92 | -28.93  | -28.88 | -28.83 | -28.85  | -28.86 |

### 2026-12-21

| km east | fajr   | sunrise | dhuhr  | asr    | maghrib | isha   |
| ------- | ------ | ------- | ------ | ------ | ------- | ------ |
| 1       | -0.05  | -0.07   | -0.05  | -0.05  | -0.05   | -0.05  |
| 10      | -0.58  | -0.58   | -0.58  | -0.58  | -0.57   | -0.58  |
| 50      | -2.88  | -2.90   | -2.88  | -2.88  | -2.88   | -2.88  |
| 100     | -5.78  | -5.78   | -5.78  | -5.78  | -5.78   | -5.78  |
| 500     | -28.90 | -28.92  | -28.90 | -28.90 | -28.90  | -28.90 |

## 1C. Measured north-south shift, per prayer

Position moved NORTH by the distance shown. Longitude fixed, so Dhuhr cannot move at all.
Minutes of shift, signed. `null` = the prayer has no solution at that position and date.

### 2026-03-20

| lat | km north | fajr  | sunrise | dhuhr | asr    | maghrib | isha |
| --- | -------- | ----- | ------- | ----- | ------ | ------- | ---- |
| 0   | 1        | 0.00  | 0.00    | 0.00  | 0.02   | 0.00    | 0.00 |
| 0   | 10       | 0.00  | 0.00    | 0.00  | 0.18   | 0.00    | 0.00 |
| 0   | 50       | 0.00  | 0.02    | 0.00  | 0.88   | 0.00    | 0.00 |
| 0   | 100      | 0.00  | 0.02    | 0.00  | 1.77   | 0.02    | 0.02 |
| 0   | 500      | -0.18 | 0.03    | 0.00  | 8.03   | 0.03    | 0.25 |
| 10  | 1        | 0.00  | 0.00    | 0.00  | 0.02   | 0.00    | 0.00 |
| 10  | 10       | -0.02 | 0.00    | 0.00  | 0.10   | 0.00    | 0.02 |
| 10  | 50       | -0.10 | 0.00    | 0.00  | 0.52   | 0.00    | 0.10 |
| 10  | 100      | -0.22 | 0.00    | 0.00  | 1.02   | 0.02    | 0.22 |
| 10  | 500      | -1.25 | -0.02   | 0.00  | 4.58   | 0.08    | 1.25 |
| 20  | 1        | 0.00  | 0.00    | 0.00  | 0.02   | 0.00    | 0.00 |
| 20  | 10       | -0.05 | 0.00    | 0.00  | 0.05   | 0.00    | 0.05 |
| 20  | 50       | -0.23 | -0.02   | 0.00  | 0.27   | 0.02    | 0.22 |
| 20  | 100      | -0.47 | -0.02   | 0.00  | 0.50   | 0.03    | 0.45 |
| 20  | 500      | -2.55 | -0.07   | 0.00  | 2.08   | 0.15    | 2.48 |
| 30  | 1        | 0.00  | 0.00    | 0.00  | 0.00   | 0.00    | 0.00 |
| 30  | 10       | -0.07 | 0.00    | 0.00  | 0.02   | 0.02    | 0.07 |
| 30  | 50       | -0.38 | -0.02   | 0.00  | 0.03   | 0.03    | 0.38 |
| 30  | 100      | -0.78 | -0.03   | 0.00  | 0.07   | 0.05    | 0.77 |
| 30  | 500      | -4.37 | -0.13   | 0.00  | -0.05  | 0.23    | 4.23 |
| 40  | 1        | -0.02 | 0.00    | 0.00  | 0.00   | 0.00    | 0.02 |
| 40  | 10       | -0.13 | -0.02   | 0.00  | -0.03  | 0.02    | 0.13 |
| 40  | 50       | -0.67 | -0.03   | 0.00  | -0.17  | 0.03    | 0.65 |
| 40  | 100      | -1.33 | -0.05   | 0.00  | -0.37  | 0.07    | 1.30 |
| 40  | 500      | -7.40 | -0.25   | 0.00  | -2.20  | 0.37    | 7.12 |
| 45  | 1        | -0.02 | 0.00    | 0.00  | 0.00   | 0.00    | 0.02 |
| 45  | 10       | -0.17 | 0.00    | 0.00  | -0.05  | 0.02    | 0.17 |
| 45  | 50       | -0.87 | -0.02   | 0.00  | -0.28  | 0.05    | 0.83 |
| 45  | 100      | -1.77 | -0.05   | 0.00  | -0.58  | 0.08    | 1.70 |
| 45  | 500      | -2.73 | -0.32   | 0.00  | -3.38  | 0.47    | 8.48 |
| 50  | 1        | 0.00  | 0.00    | 0.00  | 0.00   | 0.00    | 0.00 |
| 50  | 10       | -0.01 | -0.02   | 0.00  | -0.08  | 0.02    | 0.01 |
| 50  | 50       | -0.03 | -0.05   | 0.00  | -0.42  | 0.07    | 0.05 |
| 50  | 100      | -0.05 | -0.08   | 0.00  | -0.83  | 0.12    | 0.08 |
| 50  | 500      | -0.25 | -0.45   | 0.00  | -4.72  | 0.62    | 0.42 |
| 55  | 1        | 0.00  | 0.00    | 0.00  | -0.02  | 0.00    | 0.00 |
| 55  | 10       | -0.01 | -0.02   | 0.00  | -0.12  | 0.02    | 0.01 |
| 55  | 50       | -0.03 | -0.05   | 0.00  | -0.57  | 0.08    | 0.06 |
| 55  | 100      | -0.05 | -0.10   | 0.00  | -1.13  | 0.15    | 0.10 |
| 55  | 500      | -0.34 | -0.60   | 0.00  | -6.25  | 0.82    | 0.55 |
| 60  | 1        | 0.00  | 0.00    | 0.00  | -0.02  | 0.00    | 0.00 |
| 60  | 10       | -0.01 | -0.02   | 0.00  | -0.15  | 0.02    | 0.01 |
| 60  | 50       | -0.04 | -0.07   | 0.00  | -0.73  | 0.10    | 0.07 |
| 60  | 100      | -0.09 | -0.15   | 0.00  | -1.47  | 0.20    | 0.14 |
| 60  | 500      | -0.50 | -0.87   | 0.00  | -8.10  | 1.17    | 0.80 |
| 65  | 1        | 0.00  | 0.00    | 0.00  | -0.02  | 0.00    | 0.00 |
| 65  | 10       | -0.01 | -0.02   | 0.00  | -0.18  | 0.03    | 0.02 |
| 65  | 50       | -0.07 | -0.12   | 0.00  | -0.93  | 0.15    | 0.10 |
| 65  | 100      | -0.12 | -0.22   | 0.00  | -1.90  | 0.30    | 0.20 |
| 65  | 500      | -0.77 | -1.33   | 0.00  | -10.38 | 1.77    | 1.21 |

### 2026-06-21

| lat | km north | fajr   | sunrise | dhuhr | asr   | maghrib | isha  |
| --- | -------- | ------ | ------- | ----- | ----- | ------- | ----- |
| 0   | 1        | -0.02  | -0.02   | 0.00  | 0.00  | 0.00    | 0.02  |
| 0   | 10       | -0.17  | -0.15   | 0.00  | 0.05  | 0.15    | 0.17  |
| 0   | 50       | -0.83  | -0.78   | 0.00  | 0.20  | 0.77    | 0.83  |
| 0   | 100      | -1.68  | -1.57   | 0.00  | 0.38  | 1.55    | 1.67  |
| 0   | 500      | -8.62  | -7.83   | 0.00  | 1.40  | 7.82    | 8.55  |
| 10  | 1        | -0.02  | -0.02   | 0.00  | 0.00  | 0.02    | 0.02  |
| 10  | 10       | -0.20  | -0.15   | 0.00  | -0.02 | 0.17    | 0.20  |
| 10  | 50       | -1.00  | -0.80   | 0.00  | -0.08 | 0.82    | 1.00  |
| 10  | 100      | -2.02  | -1.62   | 0.00  | -0.18 | 1.63    | 2.00  |
| 10  | 500      | -10.58 | -8.28   | 0.00  | -1.53 | 8.28    | 10.42 |
| 20  | 1        | -0.02  | -0.02   | 0.00  | -0.02 | 0.02    | 0.02  |
| 20  | 10       | -0.27  | -0.17   | 0.00  | -0.10 | 0.18    | 0.25  |
| 20  | 50       | -1.32  | -0.90   | 0.00  | -0.47 | 0.92    | 1.28  |
| 20  | 100      | -2.65  | -1.82   | 0.00  | -0.97 | 1.83    | 2.58  |
| 20  | 500      | -14.02 | -9.42   | 0.00  | -1.03 | 9.42    | 13.67 |
| 30  | 1        | -0.01  | -0.02   | 0.00  | 0.02  | 0.03    | 0.03  |
| 30  | 10       | -0.15  | -0.22   | 0.00  | 0.22  | 0.23    | 0.17  |
| 30  | 50       | -0.78  | -1.10   | 0.00  | 1.13  | 1.12    | 0.80  |
| 30  | 100      | -1.58  | -2.22   | 0.00  | 2.27  | 2.23    | 1.60  |
| 30  | 500      | -8.31  | -11.63  | 0.00  | 10.98 | 11.65   | 8.32  |
| 40  | 1        | -0.03  | -0.03   | 0.00  | 0.02  | 0.02    | 0.01  |
| 40  | 10       | -0.22  | -0.30   | 0.00  | 0.20  | 0.28    | 0.20  |
| 40  | 50       | -1.08  | -1.50   | 0.00  | 0.97  | 1.48    | 1.06  |
| 40  | 100      | -2.15  | -3.00   | 0.00  | 1.93  | 2.98    | 2.13  |
| 40  | 500      | -11.49 | -16.08  | 0.00  | 9.53  | 16.07   | 11.48 |
| 45  | 1        | -0.02  | -0.03   | 0.00  | 0.02  | 0.05    | 0.04  |
| 45  | 10       | -0.26  | -0.37   | 0.00  | 0.18  | 0.37    | 0.26  |
| 45  | 50       | -1.30  | -1.82   | 0.00  | 0.93  | 1.82    | 1.30  |
| 45  | 100      | -2.61  | -3.67   | 0.00  | 1.87  | 3.68    | 2.63  |
| 45  | 500      | -14.32 | -20.05  | 0.00  | 9.32  | 20.05   | 14.32 |
| 50  | 1        | -0.04  | -0.05   | 0.00  | 0.02  | 0.05    | 0.04  |
| 50  | 10       | -0.33  | -0.47   | 0.00  | 0.20  | 0.47    | 0.33  |
| 50  | 50       | -1.67  | -2.33   | 0.00  | 0.93  | 2.33    | 1.67  |
| 50  | 100      | -3.38  | -4.73   | 0.00  | 1.88  | 4.73    | 3.38  |
| 50  | 500      | -18.99 | -26.58  | 0.00  | 9.52  | 26.58   | 18.99 |
| 55  | 1        | -0.05  | -0.07   | 0.00  | 0.02  | 0.07    | 0.05  |
| 55  | 10       | -0.46  | -0.65   | 0.00  | 0.20  | 0.65    | 0.46  |
| 55  | 50       | -2.33  | -3.27   | 0.00  | 0.98  | 3.27    | 2.33  |
| 55  | 100      | -4.74  | -6.63   | 0.00  | 1.98  | 6.63    | 4.74  |
| 55  | 500      | -28.00 | -39.20  | 0.00  | 10.32 | 39.18   | 27.99 |
| 60  | 1        | -0.07  | -0.10   | 0.00  | 0.02  | 0.12    | 0.09  |
| 60  | 10       | -0.74  | -1.03   | 0.00  | 0.22  | 1.05    | 0.75  |
| 60  | 50       | -3.80  | -5.32   | 0.00  | 1.12  | 5.32    | 3.80  |
| 60  | 100      | -7.82  | -10.95  | 0.00  | 2.25  | 10.97   | 7.83  |
| 60  | 500      | -55.75 | -78.05  | 0.00  | 12.07 | 78.05   | 55.75 |
| 65  | 1        | -0.26  | -0.37   | 0.00  | 0.03  | 0.37    | 0.26  |
| 65  | 10       | -2.63  | -3.68   | 0.00  | 0.27  | 3.68    | 2.63  |
| 65  | 50       | -15.85 | -22.18  | 0.00  | 1.38  | 22.15   | 15.82 |
| 65  | 100      | null   | null    | 0.00  | 2.80  | null    | null  |
| 65  | 500      | null   | null    | 0.00  | 15.72 | null    | null  |

### 2026-09-22

| lat | km north | fajr  | sunrise | dhuhr | asr    | maghrib | isha  |
| --- | -------- | ----- | ------- | ----- | ------ | ------- | ----- |
| 0   | 1        | 0.00  | 0.00    | 0.00  | -0.02  | 0.00    | 0.00  |
| 0   | 10       | 0.00  | 0.00    | 0.00  | -0.17  | 0.00    | 0.00  |
| 0   | 50       | 0.00  | -0.02   | 0.00  | -0.67  | 0.00    | 0.02  |
| 0   | 100      | -0.02 | -0.02   | 0.00  | 0.22   | 0.00    | 0.02  |
| 0   | 500      | -0.33 | -0.12   | 0.00  | 6.53   | 0.05    | 0.25  |
| 10  | 1        | -0.02 | 0.00    | 0.00  | 0.00   | 0.00    | 0.00  |
| 10  | 10       | -0.03 | 0.00    | 0.00  | 0.10   | 0.00    | 0.02  |
| 10  | 50       | -0.13 | -0.02   | 0.00  | 0.52   | 0.02    | 0.10  |
| 10  | 100      | -0.25 | -0.03   | 0.00  | 1.03   | 0.02    | 0.22  |
| 10  | 500      | -1.42 | -0.15   | 0.00  | 4.62   | 0.10    | 1.25  |
| 20  | 1        | 0.00  | 0.00    | 0.00  | 0.02   | 0.00    | 0.00  |
| 20  | 10       | -0.05 | 0.00    | 0.00  | 0.07   | 0.00    | 0.05  |
| 20  | 50       | -0.25 | -0.02   | 0.00  | 0.27   | 0.00    | 0.22  |
| 20  | 100      | -0.50 | -0.05   | 0.00  | 0.50   | 0.02    | 0.45  |
| 20  | 500      | -2.73 | -0.23   | 0.00  | 2.10   | 0.15    | 2.48  |
| 30  | 1        | -0.02 | 0.00    | 0.00  | 0.00   | 0.00    | 0.02  |
| 30  | 10       | -0.08 | -0.02   | 0.00  | 0.00   | 0.00    | 0.08  |
| 30  | 50       | -0.42 | -0.03   | 0.00  | 0.03   | 0.02    | 0.38  |
| 30  | 100      | -0.85 | -0.07   | 0.00  | 0.05   | 0.05    | 0.77  |
| 30  | 500      | -4.63 | -0.33   | 0.00  | -0.08  | 0.23    | 4.22  |
| 40  | 1        | -0.02 | 0.00    | 0.00  | 0.00   | 0.00    | 0.02  |
| 40  | 10       | -0.13 | -0.02   | 0.00  | -0.03  | 0.02    | 0.13  |
| 40  | 50       | -0.70 | -0.05   | 0.00  | -0.18  | 0.03    | 0.63  |
| 40  | 100      | -1.40 | -0.10   | 0.00  | -0.37  | 0.07    | 1.28  |
| 40  | 500      | -7.77 | -0.50   | 0.00  | -2.28  | 0.38    | 7.08  |
| 45  | 1        | -0.02 | 0.00    | 0.00  | -0.02  | 0.00    | 0.02  |
| 45  | 10       | -0.18 | 0.00    | 0.00  | -0.07  | 0.00    | 0.17  |
| 45  | 50       | -0.92 | -0.05   | 0.00  | -0.30  | 0.05    | 0.83  |
| 45  | 100      | -1.85 | -0.10   | 0.00  | -0.62  | 0.08    | 1.68  |
| 45  | 500      | -2.83 | -0.62   | 0.00  | -3.52  | 0.48    | 9.04  |
| 50  | 1        | 0.00  | 0.00    | 0.00  | 0.00   | 0.00    | 0.00  |
| 50  | 10       | -0.01 | -0.02   | 0.00  | -0.08  | 0.00    | -0.00 |
| 50  | 50       | -0.05 | -0.07   | 0.00  | -0.42  | 0.05    | 0.04  |
| 50  | 100      | -0.10 | -0.13   | 0.00  | -0.87  | 0.12    | 0.09  |
| 50  | 500      | -0.64 | -0.80   | 0.00  | -4.92  | 0.63    | 0.47  |
| 55  | 1        | 0.00  | 0.00    | 0.00  | -0.02  | 0.00    | 0.00  |
| 55  | 10       | -0.01 | -0.02   | 0.00  | -0.12  | 0.02    | 0.01  |
| 55  | 50       | -0.08 | -0.10   | 0.00  | -0.58  | 0.07    | 0.05  |
| 55  | 100      | -0.16 | -0.20   | 0.00  | -1.18  | 0.15    | 0.11  |
| 55  | 500      | -0.87 | -1.08   | 0.00  | -6.58  | 0.85    | 0.64  |
| 60  | 1        | 0.00  | 0.00    | 0.00  | -0.02  | 0.00    | 0.00  |
| 60  | 10       | -0.01 | -0.02   | 0.00  | -0.15  | 0.02    | 0.01  |
| 60  | 50       | -0.09 | -0.12   | 0.00  | -0.77  | 0.12    | 0.09  |
| 60  | 100      | -0.20 | -0.25   | 0.00  | -1.57  | 0.22    | 0.16  |
| 60  | 500      | -1.19 | -1.50   | 0.00  | -8.67  | 1.22    | 0.91  |
| 65  | 1        | 0.00  | 0.00    | 0.00  | -0.02  | 0.00    | 0.00  |
| 65  | 10       | -0.03 | -0.03   | 0.00  | -0.20  | 0.03    | 0.03  |
| 65  | 50       | -0.15 | -0.18   | 0.00  | -1.02  | 0.15    | 0.11  |
| 65  | 100      | -0.30 | -0.38   | 0.00  | -2.05  | 0.32    | 0.24  |
| 65  | 500      | -1.80 | -2.27   | 0.00  | -11.42 | 1.83    | 1.36  |

### 2026-12-21

| lat | km north | fajr   | sunrise | dhuhr | asr    | maghrib | isha   |
| --- | -------- | ------ | ------- | ----- | ------ | ------- | ------ |
| 0   | 1        | 0.02   | 0.02    | 0.00  | 0.00   | -0.02   | -0.02  |
| 0   | 10       | 0.17   | 0.15    | 0.00  | -0.05  | -0.15   | -0.17  |
| 0   | 50       | 0.82   | 0.78    | 0.00  | -0.20  | -0.78   | -0.82  |
| 0   | 100      | 1.65   | 1.57    | 0.00  | -0.42  | -1.57   | -1.63  |
| 0   | 500      | 8.00   | 7.80    | 0.00  | -2.53  | -7.80   | -7.97  |
| 10  | 1        | 0.02   | 0.02    | 0.00  | 0.00   | -0.02   | -0.02  |
| 10  | 10       | 0.15   | 0.15    | 0.00  | -0.08  | -0.15   | -0.15  |
| 10  | 50       | 0.72   | 0.80    | 0.00  | -0.43  | -0.80   | -0.72  |
| 10  | 100      | 1.43   | 1.60    | 0.00  | -0.88  | -1.60   | -1.43  |
| 10  | 500      | 7.05   | 8.13    | 0.00  | -4.90  | -8.13   | -7.08  |
| 20  | 1        | 0.00   | 0.02    | 0.00  | -0.02  | -0.02   | -0.02  |
| 20  | 10       | 0.12   | 0.17    | 0.00  | -0.13  | -0.18   | -0.13  |
| 20  | 50       | 0.65   | 0.88    | 0.00  | -0.68  | -0.88   | -0.67  |
| 20  | 100      | 1.32   | 1.77    | 0.00  | -1.38  | -1.77   | -1.33  |
| 20  | 500      | 6.53   | 9.10    | 0.00  | -7.43  | -9.10   | -6.67  |
| 30  | 1        | 0.02   | 0.03    | 0.00  | -0.02  | -0.02   | 0.00   |
| 30  | 10       | 0.13   | 0.22    | 0.00  | -0.18  | -0.20   | -0.13  |
| 30  | 50       | 0.65   | 1.07    | 0.00  | -0.98  | -1.05   | -0.65  |
| 30  | 100      | 1.28   | 2.13    | 0.00  | -1.97  | -2.12   | -1.32  |
| 30  | 500      | 6.45   | 11.08   | 0.00  | -10.52 | -11.07  | -6.67  |
| 40  | 1        | 0.02   | 0.02    | 0.00  | -0.02  | -0.03   | -0.02  |
| 40  | 10       | 0.13   | 0.27    | 0.00  | -0.27  | -0.28   | -0.15  |
| 40  | 50       | 0.67   | 1.38    | 0.00  | -1.37  | -1.40   | -0.72  |
| 40  | 100      | 1.33   | 2.80    | 0.00  | -2.77  | -2.82   | -1.42  |
| 40  | 500      | 6.82   | 15.00   | 0.00  | -14.78 | -15.00  | -7.22  |
| 45  | 1        | 0.02   | 0.03    | 0.00  | -0.03  | -0.03   | -0.02  |
| 45  | 10       | 0.15   | 0.35    | 0.00  | -0.33  | -0.33   | -0.15  |
| 45  | 50       | 0.72   | 1.68    | 0.00  | -1.65  | -1.68   | -0.75  |
| 45  | 100      | 1.42   | 3.40    | 0.00  | -3.32  | -3.40   | -1.52  |
| 45  | 500      | 7.28   | 18.47   | 0.00  | -17.72 | -18.47  | -7.80  |
| 50  | 1        | 0.02   | 0.05    | 0.00  | -0.03  | -0.03   | -0.02  |
| 50  | 10       | 0.15   | 0.43    | 0.00  | -0.38  | -0.42   | -0.15  |
| 50  | 50       | 0.77   | 2.13    | 0.00  | -1.98  | -2.13   | -0.82  |
| 50  | 100      | 1.55   | 4.32    | 0.00  | -4.00  | -4.32   | -1.67  |
| 50  | 500      | 8.05   | 24.03   | 0.00  | -21.48 | -24.03  | -8.73  |
| 55  | 1        | 0.02   | 0.05    | 0.00  | -0.05  | -0.07   | -0.02  |
| 55  | 10       | 0.18   | 0.57    | 0.00  | -0.48  | -0.58   | -0.18  |
| 55  | 50       | 0.87   | 2.90    | 0.00  | -2.42  | -2.90   | -0.95  |
| 55  | 100      | 1.75   | 5.88    | 0.00  | -4.90  | -5.90   | -1.92  |
| 55  | 500      | 17.82  | 34.15   | 0.00  | -26.53 | -34.17  | -10.59 |
| 60  | 1        | 0.06   | 0.08    | 0.00  | -0.07  | -0.08   | -0.06  |
| 60  | 10       | 0.62   | 0.87    | 0.00  | -0.60  | -0.87   | -0.62  |
| 60  | 50       | 3.18   | 4.45    | 0.00  | -3.03  | -4.45   | -3.18  |
| 60  | 100      | 6.53   | 9.13    | 0.00  | -6.13  | -9.12   | -6.51  |
| 60  | 500      | 42.02  | 58.82   | 0.00  | -33.75 | -58.80  | -42.00 |
| 65  | 1        | 0.13   | 0.18    | 0.00  | -0.08  | -0.18   | -0.13  |
| 65  | 10       | 1.34   | 1.88    | 0.00  | -0.80  | -1.88   | -1.34  |
| 65  | 50       | 7.10   | 9.93    | 0.00  | -4.07  | -9.93   | -7.10  |
| 65  | 100      | 15.24  | 21.33   | 0.00  | -8.50  | -21.33  | -15.24 |
| 65  | 500      | -31.97 | null    | 0.00  | 16.18  | null    | 19.80  |

## 1D. Worst case over eight compass directions, which is what a positioning error actually is

For each radius, the position is moved to 8 bearings at that distance and the largest absolute
shift of any of the six times is reported, with the prayer that produced it. Max over all four dates.

| city       | lat   | 1 km        | 10 km       | 50 km       | 100 km       | 500 km       |
| ---------- | ----- | ----------- | ----------- | ----------- | ------------ | ------------ |
| Singapore  | 1.35  | 0.1 isha    | 0.4 fajr    | 1.9 fajr    | 3.8 asr      | 18.9 fajr    |
| Jakarta    | -6.21 | 0.1 fajr    | 0.4 fajr    | 1.9 fajr    | 3.9 fajr     | 19.6 fajr    |
| Lagos      | 6.52  | 0.1 fajr    | 0.4 fajr    | 1.9 fajr    | 3.9 fajr     | 19.6 fajr    |
| Dhaka      | 23.81 | 0.1 sunrise | 0.5 fajr    | 2.4 fajr    | 4.9 fajr     | 24.6 isha    |
| Makkah     | 21.42 | 0.1 sunrise | 0.5 fajr    | 2.3 fajr    | 4.7 fajr     | 23.6 fajr    |
| Karachi    | 24.86 | 0.1 sunrise | 0.5 isha    | 2.5 isha    | 4.9 isha     | 24.0 isha    |
| Cairo      | 30.04 | 0.1 sunrise | 0.5 asr     | 2.3 asr     | 4.6 asr      | 23.1 asr     |
| Casablanca | 33.57 | 0.1 sunrise | 0.5 sunrise | 2.4 sunrise | 4.8 sunrise  | 24.2 sunrise |
| Istanbul   | 41.01 | 0.1 maghrib | 0.6 sunrise | 2.8 sunrise | 5.6 sunrise  | 28.4 sunrise |
| Toronto    | 43.65 | 0.1 sunrise | 0.6 sunrise | 3.0 sunrise | 6.0 maghrib  | 30.4 sunrise |
| London     | 51.51 | 0.1 sunrise | 0.8 sunrise | 3.9 sunrise | 7.7 sunrise  | 40.3 sunrise |
| Berlin     | 52.52 | 0.1 sunrise | 0.8 sunrise | 4.0 sunrise | 8.1 sunrise  | 42.2 sunrise |
| Oslo       | 59.91 | 0.1 sunrise | 1.2 sunrise | 6.2 sunrise | 12.6 sunrise | 76.5 sunrise |
| Tromso     | 69.65 | 0.1 asr     | 1.5 asr     | 7.3 asr     | 14.7 asr     | 95.9 fajr    |

## 1E. The direct answer: what radius keeps every prayer inside a tolerance

Binary search on the radius at which the worst of the six times over 8 bearings and all four dates
first exceeds the tolerance. Reported in km.

| city       | lat   | <= 0.5 min | <= 1 min | <= 2 min | <= 5 min |
| ---------- | ----- | ---------- | -------- | -------- | -------- |
| Singapore  | 1.35  | 12.6       | 25.2     | 50.4     | 125.9    |
| Jakarta    | -6.21 | 12.4       | 24.8     | 49.4     | 123.3    |
| Lagos      | 6.52  | 12.4       | 24.8     | 49.4     | 123.3    |
| Dhaka      | 23.81 | 10.3       | 20.6     | 41.2     | 102.5    |
| Makkah     | 21.42 | 10.9       | 21.6     | 43.0     | 106.9    |
| Karachi    | 24.86 | 10.3       | 20.5     | 40.9     | 101.6    |
| Cairo      | 30.04 | 10.6       | 21.2     | 42.4     | 106.1    |
| Casablanca | 33.57 | 10.2       | 20.4     | 40.8     | 101.8    |
| Istanbul   | 41.01 | 9.0        | 18.0     | 36.0     | 89.7     |
| Toronto    | 43.65 | 8.5        | 16.9     | 33.8     | 84.2     |
| London     | 51.51 | 6.6        | 13.1     | 26.1     | 65.0     |
| Berlin     | 52.52 | 6.3        | 12.6     | 25.0     | 62.3     |
| Oslo       | 59.91 | 4.1        | 8.1      | 16.2     | 40.3     |
| Tromso     | 69.65 | 3.5        | 6.9      | 13.8     | 34.3     |

## 1F. Per-prayer radius for 0.5 min and 1 min, which shows the asymmetry

### tolerance 0.5 min

| city       | lat   | fajr | sunrise | dhuhr | asr | maghrib | isha |
| ---------- | ----- | ---- | ------- | ----- | --- | ------- | ---- |
| Singapore  | 1.35  | 13   | 13      | 14    | 13  | 13      | 13   |
| Jakarta    | -6.21 | 12   | 13      | 14    | 13  | 13      | 12   |
| Lagos      | 6.52  | 12   | 13      | 14    | 13  | 13      | 13   |
| Dhaka      | 23.81 | 10   | 12      | 13    | 11  | 12      | 10   |
| Makkah     | 21.42 | 11   | 12      | 13    | 12  | 12      | 11   |
| Karachi    | 24.86 | 12   | 11      | 13    | 11  | 11      | 10   |
| Cairo      | 30.04 | 11   | 11      | 12    | 11  | 11      | 11   |
| Casablanca | 33.57 | 11   | 10      | 12    | 11  | 10      | 11   |
| Istanbul   | 41.01 | 9    | 9       | 11    | 9   | 9       | 9    |
| Toronto    | 43.65 | 9    | 8       | 10    | 9   | 9       | 9    |
| London     | 51.51 | 7    | 7       | 9     | 7   | 7       | 7    |
| Berlin     | 52.52 | 7    | 6       | 8     | 7   | 6       | 7    |
| Oslo       | 59.91 | 5    | 4       | 7     | 5   | 4       | 5    |
| Tromso     | 69.65 | 5    | 5       | 5     | 3   | 5       | 5    |

### tolerance 1 min

| city       | lat   | fajr | sunrise | dhuhr | asr | maghrib | isha |
| ---------- | ----- | ---- | ------- | ----- | --- | ------- | ---- |
| Singapore  | 1.35  | 25   | 26      | 28    | 25  | 26      | 25   |
| Jakarta    | -6.21 | 25   | 25      | 28    | 26  | 25      | 25   |
| Lagos      | 6.52  | 25   | 25      | 28    | 26  | 25      | 25   |
| Dhaka      | 23.81 | 21   | 23      | 26    | 21  | 23      | 21   |
| Makkah     | 21.42 | 22   | 23      | 26    | 24  | 23      | 22   |
| Karachi    | 24.86 | 24   | 23      | 25    | 21  | 23      | 20   |
| Cairo      | 30.04 | 23   | 21      | 24    | 21  | 21      | 23   |
| Casablanca | 33.57 | 21   | 20      | 23    | 21  | 20      | 21   |
| Istanbul   | 41.01 | 19   | 18      | 21    | 18  | 18      | 19   |
| Toronto    | 43.65 | 18   | 17      | 20    | 17  | 17      | 18   |
| London     | 51.51 | 15   | 13      | 17    | 14  | 13      | 15   |
| Berlin     | 52.52 | 14   | 13      | 17    | 14  | 13      | 14   |
| Oslo       | 59.91 | 10   | 8       | 14    | 11  | 8       | 10   |
| Tromso     | 69.65 | 9    | 10      | 10    | 7   | 10      | 9    |

## 1G. Decomposition at 100 km, pure north-south against pure east-west

Max absolute minutes over the four dates. NS holds longitude, so Dhuhr is exactly 0.

| city       | lat   | axis | fajr  | sunrise | dhuhr | asr   | maghrib | isha  |
| ---------- | ----- | ---- | ----- | ------- | ----- | ----- | ------- | ----- |
| Singapore  | 1.35  | NS   | 1.72  | 1.57    | 0.00  | 1.73  | 1.57    | 1.68  |
|            |       | EW   | 3.60  | 3.60    | 3.60  | 3.60  | 3.60    | 3.60  |
| Jakarta    | -6.21 | NS   | 1.88  | 1.60    | 0.00  | 1.33  | 1.58    | 1.85  |
|            |       | EW   | 3.63  | 3.63    | 3.63  | 3.62  | 3.62    | 3.63  |
| Lagos      | 6.52  | NS   | 1.88  | 1.60    | 0.00  | 1.32  | 1.60    | 1.87  |
|            |       | EW   | 3.63  | 3.63    | 3.63  | 3.63  | 3.63    | 3.62  |
| Dhaka      | 23.81 | NS   | 2.92  | 1.95    | 0.00  | 2.63  | 1.95    | 2.92  |
|            |       | EW   | 3.93  | 3.93    | 3.93  | 3.93  | 3.93    | 3.93  |
| Makkah     | 21.42 | NS   | 2.77  | 1.87    | 0.00  | 1.47  | 1.88    | 2.70  |
|            |       | EW   | 3.87  | 3.87    | 3.87  | 3.87  | 3.87    | 3.87  |
| Karachi    | 24.86 | NS   | 2.32  | 1.98    | 0.00  | 2.65  | 1.98    | 3.02  |
|            |       | EW   | 3.97  | 3.97    | 3.97  | 3.97  | 3.97    | 3.97  |
| Cairo      | 30.04 | NS   | 1.60  | 2.23    | 0.00  | 2.32  | 2.23    | 1.60  |
|            |       | EW   | 4.17  | 4.17    | 4.17  | 4.17  | 4.17    | 4.17  |
| Casablanca | 33.57 | NS   | 1.75  | 2.45    | 0.00  | 2.23  | 2.45    | 1.75  |
|            |       | EW   | 4.32  | 4.32    | 4.32  | 4.32  | 4.32    | 4.32  |
| Istanbul   | 41.01 | NS   | 2.23  | 3.12    | 0.00  | 2.87  | 3.10    | 2.21  |
|            |       | EW   | 4.78  | 4.77    | 4.77  | 4.78  | 4.78    | 4.78  |
| Toronto    | 43.65 | NS   | 2.46  | 3.45    | 0.00  | 3.17  | 3.47    | 2.48  |
|            |       | EW   | 4.99  | 4.98    | 4.98  | 4.98  | 4.98    | 4.98  |
| London     | 51.51 | NS   | 3.70  | 5.18    | 0.00  | 4.23  | 5.18    | 3.70  |
|            |       | EW   | 5.78  | 5.78    | 5.78  | 5.80  | 5.78    | 5.78  |
| Berlin     | 52.52 | NS   | 3.97  | 5.55    | 0.00  | 4.42  | 5.53    | 3.95  |
|            |       | EW   | 5.92  | 5.92    | 5.92  | 5.92  | 5.92    | 5.92  |
| Oslo       | 59.91 | NS   | 7.75  | 10.85   | 0.00  | 6.12  | 10.85   | 7.75  |
|            |       | EW   | 7.18  | 7.18    | 7.18  | 7.20  | 7.18    | 7.18  |
| Tromso     | 69.65 | NS   | 3.72  | 0.60    | 0.00  | 10.53 | 0.48    | 4.30  |
|            |       | EW   | 10.38 | 10.38   | 10.35 | 10.40 | 10.38   | 10.37 |

